#Frame       SA_00001
       1   29543.8777
       2   29172.3426
       3   29747.1741
       4   29127.6444
       5   29252.4373
       6   28908.9842
       7   28867.7190
       8   29494.8587
       9   29353.2150
      10   30092.0217
      11   29834.4215
      12   29767.2215
      13   29561.9678
      14   29144.2582
      15   29829.4774
      16   29573.8164
      17   28930.3775
      18   29158.4029
      19   29013.7808
      20   29276.7922
      21   29239.8340
      22   29342.5531
      23   29691.1251
      24   29817.4265
      25   28444.0860
