#Frame       SA_00001
       1   27967.7614
       2   28088.5478
       3   28520.1807
       4   28531.8311
       5   28869.7067
       6   28302.6951
       7   27993.8740
       8   28539.6374
       9   28313.6459
      10   28455.2248
      11   28524.5113
      12   28516.4748
      13   28440.8665
      14   28285.8116
      15   28105.3238
      16   28209.3389
      17   29055.6383
      18   28336.5903
      19   28373.1804
      20   29018.6193
      21   28289.4544
      22   29106.6260
      23   29017.5773
      24   29237.8831
