#Frame       SA_00001
       1   29176.1747
       2   29078.8137
       3   29930.7095
       4   28463.2467
       5   28259.0904
       6   28839.9365
       7   28904.2628
       8   28932.5847
       9   28915.6412
      10   28899.5849
      11   28882.0714
      12   28740.5626
      13   28633.1342
      14   29280.0546
      15   28729.8730
      16   29158.8009
      17   28997.8674
      18   28765.0894
      19   28889.8305
      20   29266.1368
      21   29203.7808
      22   29254.3046
      23   29044.9731
      24   30061.1694
      25   29514.2946
