#Frame       SA_00001
       1     840.4916
       2     832.8814
       3     832.3931
       4     844.9714
       5     843.3950
       6     835.5668
       7     848.4252
       8     845.6151
       9     844.6527
      10     844.6612
      11     839.6494
      12     846.1682
      13     854.1060
      14     845.5294
      15     836.8304
      16     845.6574
      17     851.9012
      18     843.2027
      19     852.7626
      20     843.5202
      21     844.1834
      22     846.5939
      23     844.9364
      24     852.7091
      25     840.4582
