#Frame       SA_00001
       1   29379.7272
       2   30190.4117
       3   29499.1895
       4   29398.8794
       5   29537.4244
       6   29831.5447
       7   29817.7439
       8   30542.4898
       9   29397.7064
      10   29141.3196
      11   30119.1216
      12   29938.0924
      13   30120.1088
      14   30279.5665
      15   29394.3882
      16   29299.4303
      17   29147.7844
      18   30372.1742
      19   30261.6023
      20   29548.2207
      21   30279.1863
      22   29716.1261
      23   29649.4621
      24   29235.1197
      25   29624.1459
