#Frame       SA_00001
       1   29687.3083
       2   29817.1331
       3   29293.1274
       4   29114.3780
       5   29166.6520
       6   29484.7016
       7   29537.6829
       8   29012.9301
       9   28286.5642
      10   29443.2199
      11   29095.6846
      12   28202.4669
      13   29137.1705
      14   28384.3759
      15   28691.0613
      16   28909.9830
      17   29536.4611
      18   29091.2094
      19   29812.1652
      20   29712.3311
      21   29882.3969
      22   29332.6714
      23   29915.5894
      24   29562.4838
      25   29354.3695
      26   28730.2490
