#Frame       SA_00001
       1   29288.8477
       2   30125.5391
       3   29454.0917
       4   29337.7999
       5   29565.4039
       6   29854.3283
       7   29886.8882
       8   30508.0334
       9   29395.6541
      10   29160.1589
      11   30125.2770
      12   29841.6265
      13   30119.8576
      14   30150.4825
      15   29238.3001
      16   29232.1660
      17   29083.5185
      18   30293.1622
      19   30165.1409
      20   29501.4441
      21   30195.3928
      22   29679.2804
      23   29605.9686
      24   29151.1560
      25   29593.4185
