#Frame       SA_00001
       1   30044.6523
       2   29325.9756
       3   29345.9576
       4   29811.2067
       5   29068.1892
       6   28653.3435
       7   28951.8450
       8   28290.9661
       9   29021.1737
      10   29401.9472
      11   29539.3505
      12   29113.5537
      13   28671.7800
      14   28773.0963
      15   28474.0257
      16   28865.6055
      17   28609.1716
      18   28688.7788
      19   28520.4790
      20   28602.4370
      21   28860.3248
      22   28224.1491
      23   28591.2903
      24   28723.4378
      25   28545.5294
