#Frame       SA_00001
       1   29173.9526
       2   28851.4794
       3   29471.0210
       4   29941.8565
       5   28962.4078
       6   29585.8301
       7   28861.8096
       8   29455.0142
       9   29032.6636
      10   29770.2021
      11   29625.4459
      12   29384.1940
      13   29310.5149
      14   29753.8666
      15   28680.1939
      16   30080.8003
      17   29117.8979
      18   29535.6801
      19   29340.9815
      20   29080.6626
      21   29109.5859
      22   28914.8673
      23   30043.3145
      24   29396.3334
      25   29114.9234
