#Frame       SA_00001
       1   29200.4810
       2   28892.7806
       3   29380.8441
       4   29837.9542
       5   28957.5348
       6   29563.2664
       7   28853.2013
       8   29476.9242
       9   29033.1224
      10   29707.3781
      11   29603.6913
      12   29326.4573
      13   29333.8021
      14   29740.2055
      15   28706.5539
      16   30043.9367
      17   29076.9480
      18   29571.0359
      19   29355.8849
      20   29023.6102
      21   29133.0462
      22   28935.3786
      23   30011.3809
      24   29373.5303
      25   29146.4128
