#Frame       SA_00001
       1     841.9568
       2     840.1377
       3     833.4089
       4     845.0181
       5     855.1203
       6     845.1727
       7     832.7286
       8     839.9309
       9     841.0637
      10     832.0823
      11     844.2933
      12     840.1232
      13     835.1088
      14     848.5435
      15     848.9012
      16     844.3914
      17     847.3589
      18     844.1843
      19     851.2718
      20     860.6703
      21     843.1435
      22     847.3083
      23     845.2762
      24     835.2969
      25     846.2246
