#Frame       SA_00001
       1   28814.8829
       2   29135.4783
       3   29006.2307
       4   29496.6149
       5   29196.8972
       6   29161.9474
       7   28572.0206
       8   28960.5456
       9   29022.9316
      10   28655.6167
      11   29343.6726
      12   29994.4139
      13   29725.2845
      14   29013.9680
      15   28814.8876
      16   29063.2376
      17   29283.9470
      18   29810.7755
      19   29053.3951
      20   29661.9157
      21   29460.2948
      22   29381.7869
      23   29420.0625
      24   29479.1540
      25   29375.6509
