#Frame       SA_00001
       1     836.0954
       2     831.7650
       3     835.8883
       4     830.4754
       5     842.7502
       6     849.0227
       7     852.2150
       8     835.3499
       9     830.9128
      10     848.4145
      11     840.1469
      12     840.9931
      13     842.0944
      14     845.2181
      15     846.5125
      16     836.0739
      17     830.7934
      18     833.5397
      19     834.2437
      20     836.0497
      21     833.4754
      22     839.2778
      23     835.9427
      24     842.3992
      25     844.3198
