#Frame       SA_00001
       1     833.7797
       2     839.7733
       3     844.0648
       4     839.5662
       5     850.1044
       6     837.1510
       7     829.9764
       8     834.6370
       9     841.8206
      10     839.1809
      11     838.9056
      12     835.5330
      13     836.1024
      14     838.6581
      15     839.4777
      16     833.2320
      17     842.6328
      18     843.1530
      19     838.6542
      20     847.1773
      21     840.5444
      22     829.1335
      23     836.1545
      24     838.2044
      25     844.9832
