#Frame       SA_00001
       1   29660.1116
       2   29749.5853
       3   29294.8731
       4   29141.7138
       5   29186.3419
       6   29422.2944
       7   29477.4099
       8   28998.2725
       9   28261.1839
      10   29464.1239
      11   29152.3357
      12   28193.5670
      13   29195.1898
      14   28369.5512
      15   28752.6115
      16   28943.0522
      17   29521.0390
      18   29067.9745
      19   29967.9312
      20   29677.3222
      21   29868.6647
      22   29253.9031
      23   29944.1733
      24   29582.3371
      25   29387.2529
      26   28705.9017
