#Frame       SA_00001
       1   30012.3034
       2   29256.6998
       3   29182.6354
       4   29744.5095
       5   29185.8211
       6   28761.4718
       7   29019.5722
       8   28405.7702
       9   29027.1989
      10   29489.6434
      11   29565.7460
      12   29062.7312
      13   28680.7113
      14   28712.4072
      15   28462.9402
      16   28802.4634
      17   28532.3273
      18   28607.9062
      19   28396.9434
      20   28575.1312
      21   28848.8764
      22   28171.3694
      23   28513.3167
      24   28655.0057
      25   28482.8391
