#Frame       SA_00001
       1   29129.7091
       2   28950.1363
       3   29828.5550
       4   28638.8215
       5   28373.0328
       6   28823.7604
       7   29033.9397
       8   29019.9709
       9   28919.4941
      10   28922.1690
      11   29014.5976
      12   28797.1326
      13   28588.5553
      14   29259.6685
      15   28740.4310
      16   29215.4470
      17   28979.4401
      18   28832.7254
      19   28982.2707
      20   29395.9068
      21   29285.0359
      22   29373.9748
      23   29125.9388
      24   30083.0816
      25   29538.9516
