#Frame       SA_00001
       1     850.8655
       2     839.4591
       3     839.5564
       4     844.0052
       5     831.5603
       6     831.6073
       7     845.5988
       8     839.5000
       9     839.1113
      10     844.3263
      11     847.9515
      12     842.7561
      13     842.7514
      14     851.0832
      15     842.4685
      16     832.9449
      17     849.9430
      18     836.7913
      19     837.4292
      20     833.8448
      21     831.7268
      22     845.8366
      23     843.8149
      24     831.4295
