#Frame       SA_00001
       1   29476.4633
       2   29097.1593
       3   29734.6986
       4   29088.1146
       5   29231.8226
       6   28808.9361
       7   28774.0570
       8   29400.0778
       9   29165.5570
      10   30081.0622
      11   29727.4434
      12   29570.8968
      13   29604.2856
      14   29018.5893
      15   29690.4047
      16   29395.1833
      17   28797.8786
      18   29120.0499
      19   28928.7984
      20   29346.3977
      21   29177.6920
      22   29322.3920
      23   29642.1561
      24   29758.0850
      25   28530.2615
