#Frame       SA_00001
       1     848.0416
       2     843.1721
       3     855.0810
       4     837.0420
       5     835.1593
       6     852.3824
       7     839.2926
       8     852.2064
       9     838.0119
      10     840.7267
      11     835.9726
      12     831.6448
      13     832.0531
      14     831.2778
      15     832.3289
      16     831.7265
      17     848.7813
      18     833.4004
      19     843.9665
      20     840.4397
      21     842.6818
      22     852.5643
      23     843.1081
      24     838.4835
      25     838.3374
