#Frame       SA_00001
       1   28748.1454
       2   29156.5494
       3   28967.3857
       4   29530.3330
       5   29195.9983
       6   29161.3239
       7   28525.7973
       8   28974.1585
       9   28981.7759
      10   28686.7671
      11   29268.0761
      12   29942.9056
      13   29692.6429
      14   29001.7029
      15   28905.2775
      16   29114.5250
      17   29344.4262
      18   29862.2838
      19   29093.8766
      20   29698.6894
      21   29390.4641
      22   29400.0286
      23   29422.4668
      24   29544.2318
      25   29467.3899
