#Frame       SA_00001
       1   28097.2158
       2   28006.1525
       3   28613.8156
       4   28617.8926
       5   28928.1033
       6   28297.9840
       7   27981.6794
       8   28571.3142
       9   28434.1348
      10   28476.4420
      11   28583.5795
      12   28566.2318
      13   28498.9950
      14   28385.2798
      15   28171.7392
      16   28221.3090
      17   29071.8800
      18   28331.1769
      19   28396.6448
      20   28989.4692
      21   28418.9660
      22   29105.6757
      23   28959.5747
      24   29345.6230
