#Frame       SA_00001
       1     836.9113
       2     840.3211
       3     841.7011
       4     837.6634
       5     830.2705
       6     837.6888
       7     846.9109
       8     831.2864
       9     853.2456
      10     848.7589
      11     847.0510
      12     848.5821
      13     842.8656
      14     843.6895
      15     844.8507
      16     846.7479
      17     838.6936
      18     847.7488
      19     843.8867
      20     843.3601
      21     840.1398
      22     835.9028
      23     846.7466
      24     846.7454
      25     839.4860
      26     838.1555
