#Frame       SA_00001
       1     838.3749
       2     833.0431
       3     843.1787
       4     834.8095
       5     828.6535
       6     846.8169
       7     851.1370
       8     845.2318
       9     833.2616
      10     843.3899
      11     843.9433
      12     836.1242
      13     838.5304
      14     847.4356
      15     846.6612
      16     837.9673
      17     842.8536
      18     846.4473
      19     846.7952
      20     839.6520
      21     844.3630
      22     844.5713
      23     835.5763
      24     844.7277
      25     845.4069
