#Frame       SA_00001
       1     840.5137
       2     838.2922
       3     842.5555
       4     848.6161
       5     850.2502
       6     836.1398
       7     827.8793
       8     842.0325
       9     831.0369
      10     838.4326
      11     839.8812
      12     833.8660
      13     817.0174
      14     833.6128
      15     811.5147
      16     807.8719
      17     829.1481
      18     834.6408
      19     841.8035
      20     840.1294
      21     849.8389
      22     853.4839
      23     833.4067
      24     849.9550
      25     836.3535
