#Frame       SA_00001
       1   28924.5950
       2   29023.7726
       3   29018.2889
       4   29154.5504
       5   29253.1602
       6   29103.3138
       7   29262.1840
       8   29281.4197
       9   29471.5409
      10   29146.1682
      11   29105.6763
      12   29565.4237
      13   29579.5504
      14   29627.3435
      15   30258.9603
      16   29430.0796
      17   30010.6142
      18   29814.5863
      19   30252.7422
      20   29784.1442
      21   29489.6548
      22   29713.5772
      23   30117.0512
      24   29938.3873
      25   29898.8349
      26   29976.3450
