#Frame       SA_00001
       1   30080.2163
       2   30251.9815
       3   30376.5335
       4   29966.0466
       5   30809.1834
       6   30015.4528
       7   29517.8052
       8   30888.3757
       9   30196.5920
      10   30444.2888
      11   31031.7391
      12   30605.6922
      13   30485.7030
      14   29022.6863
      15   29745.3085
      16   30130.4599
      17   30210.3628
      18   30452.2225
      19   29692.9523
      20   29567.7482
      21   29853.1346
      22   29989.4934
      23   30211.6816
      24   30451.5647
