#Frame       SA_00001
       1   30066.1238
       2   29282.9256
       3   29816.6749
       4   29743.8183
       5   29615.3667
       6   29214.0241
       7   30053.2519
       8   29204.1061
       9   30048.8657
      10   30028.2983
      11   29596.7184
      12   29632.1140
      13   30470.6569
      14   29693.1864
      15   30589.7976
      16   29422.4081
      17   29706.9527
      18   29798.2984
      19   29742.7424
      20   29719.1977
      21   29801.1500
      22   29466.7311
      23   29357.6241
      24   29211.2014
      25   30320.7726
