#Frame       SA_00001
       1   31032.7833
       2   31638.9179
       3   30754.3458
       4   30523.2791
       5   30894.0446
       6   30501.6768
       7   30740.1334
       8   30450.9520
       9   30876.7616
      10   30651.9400
      11   30438.2847
      12   31132.5014
      13   30850.7235
      14   31574.0793
      15   30698.7129
      16   30952.4256
      17   31080.5926
      18   30357.4644
      19   31122.9627
      20   30601.8713
      21   30897.2217
      22   30718.4296
      23   30712.8336
      24   30561.3680
      25   30708.4404
