#Frame       SA_00001
       1   29787.4916
       2   29881.6024
       3   29888.6540
       4   30003.7577
       5   30108.4608
       6   29970.3015
       7   30114.7775
       8   30115.3945
       9   30304.6175
      10   29976.8440
      11   29940.0333
      12   30384.4937
      13   30420.5997
      14   30464.6755
      15   31105.2814
      16   30258.5125
      17   30837.1558
      18   30629.0785
      19   31073.2893
      20   30590.6130
      21   30305.3968
      22   30543.1884
      23   30940.6022
      24   30763.8488
      25   30757.7716
      26   30808.9909
