#Frame       SA_00001
       1   30323.3653
       2   29610.9251
       3   30008.8126
       4   30199.1882
       5   30054.7871
       6   29721.9197
       7   29349.2989
       8   29619.5198
       9   29953.9726
      10   29185.3036
      11   29421.2946
      12   28977.1584
      13   29169.6339
      14   30035.8927
      15   29610.5821
      16   29010.9569
      17   29248.2845
      18   28809.1040
      19   29777.5141
      20   29031.2786
      21   29077.1930
      22   29128.1186
      23   29156.8719
      24   29220.6698
      25   29609.8292
