#Frame       SA_00001
       1   30463.3521
       2   30758.3714
       3   30453.8592
       4   30479.9066
       5   30469.9579
       6   30251.9603
       7   30502.3871
       8   30181.4270
       9   30008.6931
      10   30632.7895
      11   30766.4975
      12   30857.3489
      13   30408.1773
      14   30780.0051
      15   30743.9788
      16   30879.1010
      17   30509.3319
      18   30241.9871
      19   30069.2557
      20   30319.5999
      21   30427.9498
      22   30384.0259
      23   29564.1510
      24   30683.7900
      25   30276.5789
