#Frame       SA_00001
       1   30810.6262
       2   30512.6164
       3   30270.8209
       4   30333.2809
       5   30734.3698
       6   30197.9061
       7   30882.1944
       8   31002.5277
       9   30277.8039
      10   30816.1140
      11   30440.1018
      12   31004.9307
      13   31322.7051
      14   31011.4424
      15   31094.7264
      16   30831.8299
      17   30358.0528
      18   31371.1825
      19   31696.7699
      20   31038.1139
      21   30590.1250
      22   30680.8330
      23   30743.9128
      24   31239.7749
      25   31254.2463
