#Frame       SA_00001
       1     848.2121
       2     843.1329
       3     839.0160
       4     835.5420
       5     829.5984
       6     848.0555
       7     826.8825
       8     834.7994
       9     843.3353
      10     833.8913
      11     853.5767
      12     841.8330
      13     835.5028
      14     825.0221
      15     830.9932
      16     834.0235
      17     846.9599
      18     844.0718
      19     831.6504
      20     821.9816
      21     845.6807
      22     837.2572
      23     823.6744
      24     844.1449
      25     852.5219
