#Frame       SA_00001
       1     833.4892
       2     821.8383
       3     829.8982
       4     832.4664
       5     828.2975
       6     820.4541
       7     815.8957
       8     827.8985
       9     821.4863
      10     829.1710
      11     829.0383
      12     843.4007
      13     821.6037
      14     850.1640
      15     846.2170
      16     843.6330
      17     829.8693
      18     845.4181
      19     826.3946
      20     838.1336
      21     845.0177
      22     833.8523
      23     834.8519
      24     852.3185
      25     845.3815
