#Frame       SA_00001
       1   31229.7517
       2   31259.9289
       3   31592.9296
       4   31290.7068
       5   30825.4740
       6   31342.9309
       7   31402.2360
       8   31239.4234
       9   31041.1756
      10   31412.6034
      11   30986.4122
      12   31348.7141
      13   30675.5801
      14   30604.0020
      15   30441.5350
      16   30639.8967
      17   30282.9200
      18   30571.6610
      19   29828.4184
      20   30261.7594
      21   30569.8086
      22   30290.7447
      23   30974.6392
      24   31048.0959
      25   30749.9904
