#Frame       SA_00001
       1   29235.7377
       2   29410.1875
       3   29528.5641
       4   29103.2578
       5   29953.5447
       6   29145.2040
       7   28672.6410
       8   30045.6904
       9   29371.6828
      10   29572.4971
      11   30177.0760
      12   29763.0781
      13   29647.5295
      14   28174.5691
      15   28916.8741
      16   29272.4719
      17   29374.6584
      18   29608.9120
      19   28852.6522
      20   28735.7185
      21   29005.3895
      22   29154.3649
      23   29362.2273
      24   29604.7632
