#Frame       SA_00001
       1   29977.1370
       2   29690.7781
       3   29440.9228
       4   29500.8145
       5   29906.0723
       6   29377.4520
       7   30066.2987
       8   30174.6292
       9   29456.3176
      10   29986.9430
      11   29611.0635
      12   30161.5300
      13   30501.1013
      14   30161.2784
      15   30248.5094
      16   29988.1969
      17   29528.1835
      18   30525.7644
      19   30870.3752
      20   30199.9803
      21   29745.1073
      22   29846.9807
      23   29909.0609
      24   30387.4564
      25   30408.8648
