#Frame       SA_00001
       1   29240.3809
       2   28589.6161
       3   29117.8463
       4   29048.1300
       5   28910.6620
       6   28422.5315
       7   29216.1136
       8   28375.1570
       9   29208.0320
      10   29201.0642
      11   28742.8985
      12   28789.9336
      13   29615.2084
      14   28856.5800
      15   29754.6575
      16   28569.3261
      17   28879.5752
      18   28968.7917
      19   28918.3687
      20   28883.2473
      21   28951.7511
      22   28611.6467
      23   28521.5903
      24   28367.9252
      25   29461.0730
