#Frame       SA_00001
       1     844.4786
       2     841.7939
       3     847.9694
       4     862.7888
       5     855.6387
       6     870.2488
       7     845.1642
       8     842.6854
       9     824.9092
      10     871.7917
      11     854.6631
      12     842.6140
      13     838.1735
      14     848.1172
      15     828.4343
      16     857.9881
      17     835.7044
      18     843.3105
      19     840.3002
      20     832.0296
      21     847.7451
      22     835.1285
      23     849.4543
      24     846.8015
