#Frame       SA_00001
       1     853.3285
       2     824.1408
       3     833.7891
       4     839.5612
       5     842.1886
       6     835.5616
       7     837.1383
       8     828.9492
       9     840.8337
      10     827.2342
      11     853.8199
      12     842.1804
      13     855.4485
      14     836.6064
      15     835.1401
      16     853.0820
      17     827.3775
      18     829.5066
      19     824.3737
      20     835.9504
      21     849.3989
      22     855.0844
      23     836.0339
      24     843.2762
      25     859.6996
