#Frame       SA_00001
       1   31157.6770
       2   30440.8396
       3   30857.1817
       4   31038.6625
       5   30876.6247
       6   30563.4837
       7   30177.1160
       8   30454.1855
       9   30808.2899
      10   30020.5580
      11   30247.9323
      12   29803.0940
      13   30001.1139
      14   30859.6127
      15   30442.8692
      16   29847.9697
      17   30082.5920
      18   29652.8879
      19   30602.9737
      20   29871.6137
      21   29909.7988
      22   29980.7402
      23   29994.1336
      24   30064.2391
      25   30433.8469
