#Frame       SA_00001
       1     834.3117
       2     829.9145
       3     848.3691
       4     839.4743
       5     821.8376
       6     841.5640
       7     827.8170
       8     834.6657
       9     854.3173
      10     835.2544
      11     826.6377
      12     825.9356
      13     831.4801
      14     823.7200
      15     832.2870
      16     837.0129
      17     834.3075
      18     843.7840
      19     825.4596
      20     840.3351
      21     832.6058
      22     852.6215
      23     837.9371
      24     843.5692
      25     824.0177
