#Frame       SA_00001
       1     862.8967
       2     857.8298
       3     870.3651
       4     849.2073
       5     855.3006
       6     866.9877
       7     852.5935
       8     833.9748
       9     833.0766
      10     830.6758
      11     834.3569
      12     819.0699
      13     841.0493
      14     837.3320
      15     846.3211
      16     828.4329
      17     826.5416
      18     814.4922
      19     820.5471
      20     806.4687
      21     815.7421
      22     829.6111
      23     823.5510
      24     825.4615
      25     858.9367
      26     832.6459
