#Frame       SA_00001
       1   29615.1400
       2   29915.2386
       3   29614.8432
       4   29644.3646
       5   29640.3595
       6   29403.9049
       7   29675.5046
       8   29346.6276
       9   29165.3579
      10   29798.8982
      11   29912.9208
      12   30015.5158
      13   29572.6745
      14   29954.9830
      15   29912.9856
      16   30045.0775
      17   29662.3721
      18   29397.9153
      19   29237.6053
      20   29497.6183
      21   29582.2691
      22   29546.7686
      23   28740.4767
      24   29839.6451
      25   29424.0570
