#Frame       SA_00001
       1     836.2612
       2     837.0304
       3     835.8732
       4     829.6316
       5     816.7359
       6     823.3797
       7     825.2154
       8     830.3353
       9     826.8206
      10     849.2738
      11     828.8951
      12     823.2259
      13     814.2337
      14     842.7783
      15     805.4745
      16     825.7988
      17     848.6957
      18     815.9928
      19     852.9782
      20     834.2092
      21     833.1394
      22     812.3655
      23     834.3373
      24     839.1402
      25     830.0763
