#Frame       SA_00001
       1   30196.5221
       2   30801.8876
       3   29918.4726
       4   29693.6475
       5   30077.3087
       6   29678.2971
       7   29914.9180
       8   29620.6167
       9   30049.9410
      10   29802.6661
      11   29609.3896
      12   30309.2755
      13   30036.4897
      14   30731.3010
      15   29893.2384
      16   30126.6268
      17   30231.8969
      18   29541.4715
      19   30269.9845
      20   29767.6621
      21   30064.0823
      22   29906.0641
      23   29878.4964
      24   29722.2279
      25   29878.3642
