#Frame       SA_00001
       1   30389.2379
       2   30421.6368
       3   30750.3741
       4   30442.0908
       5   29975.2238
       6   30506.7910
       7   30574.3567
       8   30397.3909
       9   30210.1388
      10   30574.1708
      11   30146.5310
      12   30514.8481
      13   29858.5627
      14   29770.3892
      15   29630.0203
      16   29832.0247
      17   29453.7720
      18   29737.0203
      19   28986.6149
      20   29421.6301
      21   29719.9697
      22   29437.2608
      23   30141.2325
      24   30198.1409
      25   29913.6368
