Run semi-empirical minimization
 &qmmm
    qm_theory='AM1', grms_tol=0.0005,
 scfconv=1.d-10, ndiis_attempts=700,   qmcharge=0,
 /
   8     O       12.3210       -2.9900        2.8750 
   8    O1        9.0870       -1.7050       -0.8210 
   8    O2       12.1460       -5.4320       -0.3580 
   8    O3       10.1860       -1.5580        2.5390 
   8    O4       15.0750       -7.0840        0.4040 
   8    O5        9.4190       -3.9960        0.4360 
   8    O6       14.5680       -3.5040        2.9660 
   8    O7       11.3280       -1.4100       -1.2930 
   8    O8       12.1190       -7.7330       -0.3420 
   7     N       11.3590       -0.0850        1.1830 
   7    N1       13.9620       -6.1060        2.1880 
   7    N2        9.7400       -5.2910       -1.4630 
   6     C       10.1970        0.0650        0.2840 
   6    C1       12.8800       -5.2550        2.7270 
   6    C2       10.0460       -6.4990       -0.6630 
   6    C3       12.5610       -1.5680        2.7980 
   6    C4        9.0300       -2.8830       -1.6480 
   6    C5       13.5590       -5.3070       -0.1760 
   6    C6       11.2610       -1.0570        2.1900 
   6    C7       14.2550       -6.2580        0.8230 
   6    C8        9.4160       -4.0990       -0.7970 
   6    C9       13.3940       -3.8320        2.8750 
   6   C10       10.3020       -1.0880       -0.7060 
   6   C11       11.5560       -6.6540       -0.4790 
   6   C12       12.5810        0.6690        0.8960 
   6   C13       14.7850       -6.8420        3.1480 
   6   C14        9.8720       -5.4200       -2.9180 
   6   C15       12.7680       -0.9930        4.1870 
   6   C16       11.6340       -0.0350        4.5480 
   6   C17       14.1180       -0.2850        4.2820 
   6   C18       12.2770       -5.7340        4.0460 
   6   C19       12.8280       -4.8950        5.2010 
   6   C20       10.7390       -5.6720        4.0430 
   6   C21       10.1020       -6.4280        2.8860 
   6   C22       10.0860        1.3830       -0.4690 
   6   C23        9.8010        1.1120       -1.9490 
   6   C24        8.9960        2.3020        0.1110 
   6   C25        7.5890        1.9440       -0.3510 
   6   C26       14.2100       -5.3770       -1.5590 
   6   C27       13.1700       -5.7160       -2.6240 
   6   C28       14.9080       -4.0590       -1.8900 
   6   C29        7.5940       -3.0190       -2.1340 
   6   C30        6.8430       -1.6970       -1.9750 
   6   C31        6.8730       -4.1370       -1.3830 
   6   C32        9.4170       -7.7740       -1.2230 
   6   C33        7.8970       -7.6080       -1.3210 
   6   C34        9.9870       -8.1580       -2.6020 
   6   C35       10.5960       -9.5510       -2.6390 
   1     H        9.3140        0.0570        0.8880 
   1    H1       12.0790       -5.3110        2.0200 
   1    H2        9.5950       -6.3530        0.2960 
   1    H3       13.4320       -1.3010        2.2360 
   1    H4        9.7000       -2.8170       -2.4800 
   1    H5       13.7000       -4.3640        0.3080 
   1    H6       12.4010        1.3460        0.0870 
   1    H7       13.3630       -0.0090        0.6260 
   1    H8       12.8720        1.2210        1.7650 
   1    H9       15.5230       -7.4120        2.6220 
   1   H10       14.1640       -7.5010        3.7180 
   1   H11       15.2700       -6.1510        3.8050 
   1   H12        9.6260       -4.4880       -3.3820 
   1   H13        9.2070       -6.1810       -3.2700 
   1   H14       10.8790       -5.6860       -3.1630 
   1   H15       12.7620       -1.8020        4.8880 
   1   H16       11.6240        0.7820        3.8570 
   1   H17       11.7840        0.3380        5.5390 
   1   H18       10.7000       -0.5540        4.5000 
   1   H19       14.1440        0.5280        3.5870 
   1   H20       14.9010       -0.9770        4.0500 
   1   H21       14.2550        0.0890        5.2750 
   1   H22       12.5550       -6.7600        4.1720 
   1   H23       12.5450       -3.8720        5.0660 
   1   H24       13.8950       -4.9700        5.2190 
   1   H25       12.4290       -5.2560        6.1260 
   1   H26       10.4420       -4.6460        3.9810 
   1   H27       10.4040       -6.1390        4.9460 
   1   H28       10.4130       -5.9910        1.9600 
   1   H29        9.0370       -6.3720        2.9670 
   1   H30       10.4090       -7.4530        2.9170 
   1   H31       11.0220        1.8910       -0.3610 
   1   H32        8.8640        0.6040       -2.0450 
   1   H33       10.5800        0.5020       -2.3560 
   1   H34        9.7600        2.0400       -2.4800 
   1   H35        9.2060        3.3070       -0.1900 
   1   H36        9.0180        2.1830        1.1740 
   1   H37        7.5250        2.0500       -1.4140 
   1   H38        6.8830        2.5980        0.1160 
   1   H39        7.3710        0.9320       -0.0800 
   1   H40       14.9450       -6.1540       -1.5470 
   1   H41       12.4240       -4.9490       -2.6510 
   1   H42       12.7100       -6.6530       -2.3880 
   1   H43       13.6470       -5.7840       -3.5790 
   1   H44       14.1880       -3.2680       -1.9070 
   1   H45       15.3770       -4.1350       -2.8490 
   1   H46       15.6490       -3.8510       -1.1460 
   1   H47        7.6170       -3.2720       -3.1740 
   1   H48        6.8100       -1.4280       -0.9400 
   1   H49        5.8460       -1.8060       -2.3470 
   1   H50        7.3480       -0.9320       -2.5270 
   1   H51        6.8400       -3.9020       -0.3400 
   1   H52        7.3980       -5.0580       -1.5250 
   1   H53        5.8760       -4.2330       -1.7580 
   1   H54        9.6580       -8.5670       -0.5460 
   1   H55        7.6680       -6.8140       -2.0000 
   1   H56        7.5000       -7.3770       -0.3540 
   1   H57        7.4610       -8.5180       -1.6770 
   1   H58       10.7450       -7.4500       -2.8650 
   1   H59        9.1700       -8.1530       -3.2930 
   1   H60       11.4200       -9.5980       -1.9580 
   1   H61       10.9390       -9.7640       -3.6300 
   1   H62        9.8570      -10.2710       -2.3550 

