Run semi-empirical minimization
 &qmmm
    qm_theory='AM1', grms_tol=0.0005,
 scfconv=1.d-10, ndiis_attempts=700,   qmcharge=0,
 /
   8     O       11.4280       -0.1340      -23.1420 
   8    O1        6.8210       -1.3490      -24.8940 
   8    O2        8.4940        2.6300      -22.6960 
   8    O3       10.3350       -1.7560      -24.8440 
   8    O4       10.2540        4.5120      -20.4060 
   8    O5        8.2850        0.8040      -25.2940 
   8    O6       12.2550        0.6250      -21.1270 
   8    O7        7.0530       -1.3240      -22.5970 
   8    O8        8.6720        4.8950      -23.0640 
   7     N        9.3080       -2.9140      -23.1160 
   7    N1       11.5230        3.2120      -21.8470 
   7    N2        6.6840        2.3390      -24.6120 
   6     C        8.0820       -3.0930      -23.9190 
   6    C1       11.6310        2.1830      -22.9030 
   6    C2        7.6280        3.4740      -24.7400 
   6    C3       11.3230       -1.4990      -22.6840 
   6    C4        6.1070       -0.0970      -24.8720 
   6    C5        9.0990        2.6510      -21.4000 
   6    C6       10.3030       -2.0840      -23.6520 
   6    C7       10.3330        3.5540      -21.1840 
   6    C8        7.1250        1.0480      -24.9420 
   6    C9       11.8260        0.8220      -22.2540 
   6   C10        7.2630       -1.8290      -23.6920 
   6   C11        8.2860        3.7810      -23.3950 
   6   C12        9.3620       -3.4820      -21.7670 
   6   C13       12.7440        3.9220      -21.4670 
   6   C14        5.3580        2.6510      -24.0700 
   6   C15       12.6610       -2.2030      -22.8220 
   6   C16       13.2550       -1.9660      -24.2090 
   6   C17       12.5120       -3.6990      -22.5520 
   6   C18       12.7270        2.4320      -23.9380 
   6   C19       13.8920        1.4680      -23.6990 
   6   C20       12.2140        2.2840      -25.3810 
   6   C21       11.1650        3.3180      -25.7630 
   6   C22        7.2360       -4.3190      -23.6050 
   6   C23        5.8050       -4.1030      -24.1060 
   6   C24        7.8130       -5.6060      -24.2200 
   6   C25        7.2090       -6.8790      -23.6430 
   6   C26        7.9980        2.9560      -20.3820 
   6   C27        6.6600        2.3950      -20.8550 
   6   C28        8.3640        2.3900      -19.0110 
   6   C29        5.2080       -0.0740      -26.1000 
   6   C30        4.3470       -1.3350      -26.1620 
   6   C31        6.0380        0.0690      -27.3750 
   6   C32        6.9960        4.7230      -25.3520 
   6   C33        6.5520        5.6830      -24.2430 
   6   C34        7.9460        5.4530      -26.3200 
   6   C35        7.7370        6.9600      -26.3530 
   1     H        8.3790       -3.2570      -24.9340 
   1    H1       10.7140        2.2260      -23.4530 
   1    H2        8.3850        3.1660      -25.4300 
   1    H3       11.0430       -1.5950      -21.6560 
   1    H4        5.5240        0.0130      -23.9820 
   1    H5        9.5320        1.6810      -21.2730 
   1    H6        8.4890       -4.0770      -21.5950 
   1    H7        9.4010       -2.6910      -21.0480 
   1    H8       10.2350       -4.0930      -21.6720 
   1    H9       13.5640        3.5590      -22.0510 
   1   H10       12.9440        3.7560      -20.4290 
   1   H11       12.6170        4.9700      -21.6430 
   1   H12        4.7710        1.7570      -24.0260 
   1   H13        4.8730        3.3650      -24.7020 
   1   H14        5.4620        3.0580      -23.0860 
   1   H15       13.3310       -1.7940      -22.0950 
   1   H16       12.5990       -2.3690      -24.9520 
   1   H17       14.2080       -2.4480      -24.2760 
   1   H18       13.3740       -0.9150      -24.3710 
   1   H19       11.8440       -4.1260      -23.2710 
   1   H20       12.1180       -3.8460      -21.5680 
   1   H21       13.4690       -4.1720      -22.6280 
   1   H22       13.0570        3.4430      -23.8190 
   1   H23       13.5520        0.4610      -23.8200 
   1   H24       14.2670        1.6010      -22.7060 
   1   H25       14.6710        1.6690      -24.4040 
   1   H26       11.7840        1.3100      -25.4890 
   1   H27       13.0520        2.4330      -26.0290 
   1   H28       10.3060        3.2030      -25.1360 
   1   H29       10.8820        3.1780      -26.7850 
   1   H30       11.5700        4.3000      -25.6370 
   1   H31        7.2400       -4.4440      -22.5420 
   1   H32        5.8140       -3.9790      -25.1690 
   1   H33        5.3950       -3.2270      -23.6480 
   1   H34        5.2060       -4.9520      -23.8510 
   1   H35        8.8680       -5.6220      -24.0440 
   1   H36        7.5760       -5.5900      -25.2630 
   1   H37        7.4250       -6.9340      -22.5960 
   1   H38        7.6290       -7.7290      -24.1390 
   1   H39        6.1490       -6.8690      -23.7890 
   1   H40        7.9050        4.0180      -20.2940 
   1   H41        6.7320        1.3320      -20.9500 
   1   H42        6.4100        2.8210      -21.8040 
   1   H43        5.8990        2.6390      -20.1430 
   1   H44        8.4620        1.3270      -19.0790 
   1   H45        7.5950        2.6330      -18.3080 
   1   H46        9.2910        2.8140      -18.6860 
   1   H47        4.5600        0.7740      -26.0230 
   1   H48        4.9790       -2.1950      -26.2400 
   1   H49        3.7040       -1.2860      -27.0160 
   1   H50        3.7550       -1.4070      -25.2740 
   1   H51        6.6930       -0.7710      -27.4700 
   1   H52        6.6160        0.9680      -27.3250 
   1   H53        5.3860        0.1100      -28.2220 
   1   H54        6.1480        4.3990      -25.9190 
   1   H55        7.4070        6.0000      -23.6830 
   1   H56        5.8640        5.1830      -23.5930 
   1   H57        6.0750        6.5360      -24.6790 
   1   H58        7.7880        5.0670      -27.3050 
   1   H59        8.9430        5.2810      -25.9730 
   1   H60        6.7470        7.1750      -26.6970 
   1   H61        8.4490        7.4040      -27.0160 
   1   H62        7.8680        7.3600      -25.3690 

