Run semi-empirical minimization
 &qmmm
    qm_theory='AM1', grms_tol=0.0005,
 scfconv=1.d-10, ndiis_attempts=700,   qmcharge=0,
 /
   8     O       13.0970       -3.7900        3.7330 
   8    O1        9.7850       -3.3310       -0.2170 
   8    O2       12.3660        0.4900        0.8270 
   8    O3       13.1240       -3.7460        1.1420 
   8    O4       14.7370       -1.3870        1.8530 
   8    O5        9.6770       -0.6580       -2.0480 
   8    O6       11.3430       -2.3040        3.9180 
   8    O7       10.6910       -3.4300       -2.3320 
   8    O8       12.1240        2.7250        0.3570 
   7     N       11.3490       -5.1870        0.7950 
   7    N1       13.4240       -0.4150        3.5010 
   7    N2        9.8330       -0.1460        0.2150 
   6     C       11.4550       -4.9980       -0.6670 
   6    C1       13.6200       -1.5830        4.3840 
   6    C2       10.2560        1.2460       -0.0460 
   6    C3       12.2510       -4.7830        3.1130 
   6    C4        8.8210       -2.3120       -0.5330 
   6    C5       13.7210        0.6990        1.2710 
   6    C6       12.2800       -4.5210        1.6050 
   6    C7       14.0130       -0.4580        2.2250 
   6    C8        9.4900       -0.9710       -0.8690 
   6    C9       12.5330       -2.5750        4.0030 
   6   C10       10.6200       -3.8230       -1.1730 
   6   C11       11.6730        1.5860        0.4100 
   6   C12       10.2580       -6.0260        1.3000 
   6   C13       12.6030        0.6920        4.0020 
   6   C14        9.6220       -0.5380        1.6100 
   6   C15       12.8570       -6.1410        3.4350 
   6   C16       14.2560       -5.9800        4.0300 
   6   C17       11.9570       -6.9220        4.3920 
   6   C18       13.5770       -1.3040        5.8810 
   6   C19       13.6440       -2.6090        6.6720 
   6   C20       14.7160       -0.3720        6.2870 
   6   C21       11.1240       -6.2510       -1.4760 
   6   C22       12.3130       -6.6600       -2.3460 
   6   C23        9.8830       -6.0280       -2.3380 
   6   C24       14.6430        0.6740        0.0550 
   6   C25       13.9570       -0.0120       -1.1270 
   6   C26       15.0750        2.0880       -0.3250 
   6   C27        7.8430       -2.7720       -1.6140 
   6   C28        6.8190       -1.6780       -1.9130 
   6   C29        7.1420       -4.0620       -1.1920 
   6   C30        9.2540        2.2490        0.5300 
   6   C31        9.8380        2.9410        1.7580 
   6   C32        8.8570        3.2730       -0.5290 
   1     H       12.4900       -4.7760       -0.8260 
   1    H1       14.6140       -1.9480        4.2310 
   1    H2       10.2720        1.3260       -1.1130 
   1    H3       11.2390       -4.7490        3.4600 
   1    H4        8.2390       -2.1420        0.3490 
   1    H5       13.8690        1.6380        1.7620 
   1    H6        9.6960       -6.4140        0.4760 
   1    H7        9.6170       -5.4390        1.9240 
   1    H8       10.6650       -6.8360        1.8680 
   1    H9       12.5500        1.4610        3.2600 
   1   H10       13.0430        1.0870        4.8940 
   1   H11       11.6170        0.3360        4.2170 
   1   H12        9.3210       -1.5640        1.6510 
   1   H13        8.8580        0.0750        2.0410 
   1   H14       10.5330       -0.4120        2.1580 
   1   H15       12.9390       -6.6940        2.5220 
   1   H16       14.1930       -5.4290        4.9450 
   1   H17       14.8790       -5.4530        3.3380 
   1   H18       14.6750       -6.9460        4.2240 
   1   H19       11.8630       -6.3840        5.3120 
   1   H20       12.3880       -7.8830        4.5830 
   1   H21       10.9900       -7.0460        3.9510 
   1   H22       12.6500       -0.8200        6.1060 
   1   H23       14.5660       -3.1080        6.4590 
   1   H24       12.8250       -3.2380        6.3920 
   1   H25       13.5880       -2.3950        7.7190 
   1   H26       15.6540       -0.8390        6.0690 
   1   H27       14.6540       -0.1690        7.3360 
   1   H28       14.6390        0.5450        5.7410 
   1   H29       10.9170       -7.0450       -0.7890 
   1   H30       12.5340       -5.8760       -3.0400 
   1   H31       12.0720       -7.5530       -2.8830 
   1   H32       13.1660       -6.8370       -1.7240 
   1   H33       10.0690       -5.2360       -3.0330 
   1   H34        9.0560       -5.7660       -1.7120 
   1   H35        9.6550       -6.9260       -2.8730 
   1   H36       15.5170        0.1130        0.3110 
   1   H37       13.0790        0.5360       -1.3970 
   1   H38       13.6840       -1.0090       -0.8510 
   1   H39       14.6280       -0.0430       -1.9600 
   1   H40       14.2130        2.6670       -0.5850 
   1   H41       15.7410        2.0450       -1.1610 
   1   H42       15.5740        2.5440        0.5050 
   1   H43        8.3980       -2.9680       -2.5080 
   1   H44        6.2530       -1.4680       -1.0300 
   1   H45        6.1600       -2.0090       -2.6880 
   1   H46        7.3270       -0.7910       -2.2300 
   1   H47        6.5800       -3.8870       -0.2980 
   1   H48        7.8730       -4.8220       -1.0110 
   1   H49        6.4820       -4.3800       -1.9710 
   1   H50        8.3750        1.7180        0.8310 
   1   H51       10.7200        3.4790        1.4790 
   1   H52       10.0860        2.2080        2.4960 
   1   H53        9.1170        3.6220        2.1600 
   1   H54        9.7240        3.8160       -0.8430 
   1   H55        8.1410        3.9530       -0.1170 
   1   H56        8.4280        2.7690       -1.3690 

