Run semi-empirical minimization
 &qmmm
    qm_theory='AM1', grms_tol=0.0005,
 scfconv=1.d-10, ndiis_attempts=700,   qmcharge=0,
 /
   6     C       10.9060        2.1220      -13.2230 
   6    C1        9.2830        3.7870      -14.7000 
   6    C2        9.1120        2.4020      -14.8430 
   6    C3        9.9000        1.5450      -14.1280 
   6    C4       11.7460        1.3050      -12.4640 
   6    C5       12.6770        1.8770      -11.6270 
   6    C6       12.7830        3.2580      -11.5360 
   6    C7       11.9600        4.0750      -12.2800 
   6    C8       11.0140        3.5180      -13.1310 
   8     O       10.2010        4.3050      -13.8680 
   8    O1        8.5740        4.5420      -15.3420 
   8    O2        9.7600        0.2050      -14.2490 
   1     H        9.6680        0.0170      -15.1920 
   6    C9        8.0660        1.8620      -15.7830 
   6   C10        7.9650        2.7710      -17.0090 
   6   C11        6.9940        2.1780      -17.9970 
   6   C12        5.7430        2.9310      -18.3700 
   8    O3        7.2170        1.0990      -18.4890 
   6   C13        6.7350        1.8160      -15.0820 
   6   C14        6.2150        2.9620      -14.5080 
   6   C15        4.9930        2.9200      -13.8640 
   6   C16        4.2900        1.7320      -13.7940 
   6   C17        4.8090        0.5880      -14.3670 
   6   C18        6.0290        0.6310      -15.0160 
   1    H1       11.6690        0.2780      -12.5300 
   1    H2       13.2990        1.2760      -11.0640 
   1    H3       13.4850        3.6770      -10.9050 
   1    H4       12.0460        5.1010      -12.2050 
   1    H5        8.3400        0.8750      -16.0920 
   1    H6        8.9280        2.8610      -17.4660 
   1    H7        7.6200        3.7380      -16.7080 
   1    H8        5.7140        3.8600      -17.8400 
   1    H9        4.8850        2.3460      -18.1120 
   1   H10        5.7420        3.1210      -19.4230 
   1   H11        6.7400        3.8490      -14.5610 
   1   H12        4.6060        3.7750      -13.4360 
   1   H13        3.3770        1.7000      -13.3130 
   1   H14        4.2860       -0.3000      -14.3110 
   1   H15        6.4120       -0.2230      -15.4510 

