Run semi-empirical minimization
 &qmmm
    qm_theory='AM1', grms_tol=0.0005,
 scfconv=1.d-10, ndiis_attempts=700,   qmcharge=0,
 /
   8     O        5.7090        6.4350      -24.3440 
   8    O1        9.0780       10.4280      -24.3180 
   8    O2       10.8410        6.0810      -24.9020 
   8    O3        6.6990        9.2310      -22.5550 
   8    O4        6.6950        7.3930      -26.1960 
   8    O5        7.8540        6.5420      -22.8940 
   8    O6       12.7710        8.6680      -24.6000 
   8    O7        9.8910       12.5280      -24.7730 
   8    O8       12.0980        6.2760      -22.9840 
   7     N        6.1640        9.7790      -24.7450 
   7    N1        8.9130        4.6870      -23.7820 
   7    N2       10.8710        9.1530      -25.8510 
   6     C        5.1730        8.6860      -24.8050 
   6    C1       10.0970        4.9320      -22.9300 
   6    C2       11.0410       10.6120      -25.6950 
   6    C3        8.0040       10.9810      -23.5320 
   6    C4        6.5510        5.2660      -24.4430 
   6    C5       11.7580        6.8110      -25.7370 
   6    C6        6.9030        9.9240      -23.5570 
   6    C7        5.9470        7.4480      -25.2290 
   6    C8        7.8240        5.5600      -23.6430 
   6    C9       11.8500        8.2900      -25.3310 
   6   C10        9.9420       11.3080      -24.8960 
   6   C11       11.1220        5.8510      -23.5910 
   6   C12        6.3360       10.6140      -25.9390 
   6   C13        8.9730        3.5770      -24.7360 
   6   C14        9.7750        8.6870      -26.7020 
   6   C15        5.7790        4.1130      -23.8190 
   6   C16        4.3430        4.5310      -23.5080 
   6   C17        5.7930        2.8930      -24.7400 
   6   C18        3.9870        8.9090      -25.7360 
   6   C19        4.3720        8.5330      -27.1680 
   6   C20        2.7670        8.1170      -25.2330 
   6   C21        2.6920        8.0060      -23.7160 
   6   C22       10.7850        3.6530      -22.4510 
   6   C23       12.2890        3.7220      -22.7050 
   6   C24       10.5040        3.4120      -20.9680 
   6   C25        8.5140       11.2310      -22.1150 
   6   C26        8.5780       12.7290      -21.8210 
   6   C27        9.8840       10.5870      -21.9130 
   6   C28       13.1250        6.1320      -25.8090 
   6   C29       13.9990        6.7980      -26.8690 
   6   C30       12.9690        4.6420      -26.1000 
   6   C31       11.2340       11.2970      -27.0480 
   6   C32       12.5260       12.1100      -27.0560 
   6   C33       10.0370       12.1850      -27.3730 
   1     H        4.7160        8.6040      -23.8410 
   1    H1        9.7000        5.4280      -22.0690 
   1    H2       11.9300       10.7170      -25.1090 
   1    H3        7.6380       11.9140      -23.9070 
   1    H4        6.8120        5.0210      -25.4510 
   1    H5       11.3620        6.7970      -26.7310 
   1    H6        5.6530       10.2950      -26.6980 
   1    H7        7.3390       10.5190      -26.2990 
   1    H8        6.1410       11.6360      -25.6900 
   1    H9        8.0520        3.5220      -25.2780 
   1   H10        9.1310        2.6600      -24.2070 
   1   H11        9.7800        3.7380      -25.4200 
   1   H12        9.1580        9.5170      -26.9760 
   1   H13        9.1890        7.9680      -26.1680 
   1   H14       10.1760        8.2350      -27.5850 
   1   H15        6.2600        3.8480      -22.9010 
   1   H16        3.8450        4.8000      -24.4160 
   1   H17        4.3520        5.3700      -22.8440 
   1   H18        3.8260        3.7160      -23.0460 
   1   H19        5.3160        3.1390      -25.6650 
   1   H20        5.2690        2.0860      -24.2720 
   1   H21        6.8050        2.5990      -24.9280 
   1   H22        3.7160        9.9440      -25.7380 
   1   H23        4.6490        7.5000      -27.2030 
   1   H24        5.1980        9.1350      -27.4850 
   1   H25        3.5380        8.7010      -27.8170 
   1   H26        2.8130        7.1290      -25.6420 
   1   H27        1.8950        8.6500      -25.5510 
   1   H28        3.5490        7.4770      -23.3540 
   1   H29        1.8040        7.4770      -23.4410 
   1   H30        2.6710        8.9860      -23.2870 
   1   H31       10.3860        2.8310      -23.0080 
   1   H32       12.7060        4.5390      -22.1550 
   1   H33       12.4680        3.8670      -23.7500 
   1   H34       12.7470        2.8080      -22.3880 
   1   H35       10.8960        4.2250      -20.3940 
   1   H36       10.9710        2.5000      -20.6600 
   1   H37        9.4480        3.3420      -20.8120 
   1   H38        7.8260       10.7820      -21.4290 
   1   H39        9.2620       13.1960      -22.4980 
   1   H40        8.9110       12.8810      -20.8160 
   1   H41        7.6060       13.1580      -21.9430 
   1   H42       10.5870       11.0240      -22.5910 
   1   H43        9.8150        9.5360      -22.0990 
   1   H44       10.2100       10.7510      -20.9070 
   1   H45       13.6060        6.2410      -24.8590 
   1   H46       13.5340        6.7000      -27.8280 
   1   H47       14.9590        6.3260      -26.8880 
   1   H48       14.1170        7.8350      -26.6340 
   1   H49       12.4890        4.5120      -27.0470 
   1   H50       12.3750        4.1890      -25.3340 
   1   H51       13.9340        4.1800      -26.1230 
   1   H52       11.3070       10.5420      -27.8030 
   1   H53       12.4730       12.8720      -26.3060 
   1   H54       12.6560       12.5630      -28.0160 
   1   H55       13.3550       11.4650      -26.8510 
   1   H56        9.9460       12.9480      -26.6280 
   1   H57        9.1460       11.5920      -27.3870 
   1   H58       10.1790       12.6380      -28.3320 

