Run semi-empirical minimization
 &qmmm
    qm_theory='AM1', grms_tol=0.0005,
 scfconv=1.d-10, ndiis_attempts=700,   qmcharge=0,
 /
   8     O       13.0760       -3.7570        3.7370 
   8    O1       12.3600        0.5140        0.8140 
   8    O2        9.7730       -3.3040       -0.2210 
   8    O3       14.7260       -1.3650        1.8510 
   8    O4       11.3250       -2.2660        3.9140 
   8    O5       13.1080       -3.7230        1.1450 
   8    O6        9.6730       -0.6370       -2.0610 
   8    O7       12.1260        2.7490        0.3350 
   8    O8       10.6800       -3.4110       -2.3340 
   7     N       13.4120       -0.3830        3.4940 
   7    N1       11.3280       -5.1610        0.8010 
   7    N2        9.8280       -0.1170        0.2010 
   6     C       13.6030       -1.5500        4.3800 
   6    C1       11.4380       -4.9760       -0.6620 
   6    C2       10.2540        1.2730       -0.0650 
   6    C3       13.7150        0.7210        1.2600 
   6    C4       12.2280       -4.7500        3.1190 
   6    C5        8.8100       -2.2840       -0.5420 
   6    C6       14.0020       -0.4320        2.2180 
   6    C7       12.5150       -2.5400        4.0010 
   6    C8       12.2610       -4.4940        1.6100 
   6    C9        9.4830       -0.9450       -0.8810 
   6   C10       11.6710        1.6100        0.3910 
   6   C11       10.6060       -3.8020       -1.1730 
   6   C12       12.5920        0.7270        3.9890 
   6   C13       10.2350       -5.9940        1.3070 
   6   C14        9.6120       -0.5040        1.5960 
   6   C15       12.8310       -6.1080        3.4470 
   6   C16       14.2090       -5.9470        4.0860 
   6   C17       11.9040       -6.9020        4.3670 
   6   C18       13.5580       -1.2650        5.8780 
   6   C19       13.5940       -2.5810        6.6580 
   6   C20       14.7110       -0.3230        6.2680 
   6   C21       14.3490        0.6650        7.3680 
   6   C22       11.1050       -6.2320       -1.4670 
   6   C23        9.8580       -6.0120       -2.3200 
   6   C24       12.2880       -6.6400       -2.3450 
   6   C25       14.6400        0.6890        0.0460 
   6   C26       15.0720        2.1030       -0.3400 
   6   C27       13.9570       -0.0010       -1.1340 
   6   C28        7.8330       -2.7440       -1.6230 
   6   C29        6.8010       -1.6570       -1.9120 
   6   C30        7.1440       -4.0410       -1.2070 
   6   C31        9.2540        2.2800        0.5050 
   6   C32        8.8550        3.2980       -0.5600 
   6   C33        9.8400        2.9800        1.7280 
   1     H       14.5960       -1.9190        4.2290 
   1    H1       12.4730       -4.7560       -0.8200 
   1    H2       10.2710        1.3500       -1.1320 
   1    H3       13.8640        1.6620        1.7480 
   1    H4       11.2160       -4.7120        3.4640 
   1    H5        8.2260       -2.1110        0.3380 
   1    H6       12.5440        1.4940        3.2450 
   1    H7       13.0290        1.1230        4.8820 
   1    H8       11.6050        0.3740        4.2020 
   1    H9        9.6730       -6.3840        0.4840 
   1   H10        9.5950       -5.4030        1.9280 
   1   H11       10.6390       -6.8030        1.8790 
   1   H12        9.3090       -1.5290        1.6390 
   1   H13        8.8480        0.1120        2.0230 
   1   H14       10.5210       -0.3770        2.1460 
   1   H15       12.9450       -6.6520        2.5330 
   1   H16       14.1160       -5.4050        5.0040 
   1   H17       14.8510       -5.4110        3.4190 
   1   H18       14.6260       -6.9130        4.2830 
   1   H19       11.7770       -6.3730        5.2880 
   1   H20       12.3330       -7.8620        4.5630 
   1   H21       10.9530       -7.0260        3.8930 
   1   H22       12.6430       -0.7690        6.1280 
   1   H23       14.4990       -3.1050        6.4320 
   1   H24       12.7540       -3.1830        6.3810 
   1   H25       13.5540       -2.3750        7.7070 
   1   H26       15.0040        0.2300        5.4000 
   1   H27       15.5020       -0.9370        6.6470 
   1   H28       13.5580        1.3020        7.0300 
   1   H29       15.2060        1.2590        7.6100 
   1   H30       14.0290        0.1290        8.2370 
   1   H31       10.9060       -7.0260       -0.7780 
   1   H32       10.0380       -5.2200       -3.0170 
   1   H33        9.0350       -5.7510       -1.6880 
   1   H34        9.6270       -6.9110       -2.8530 
   1   H35       12.5020       -5.8570       -3.0420 
   1   H36       12.0440       -7.5350       -2.8780 
   1   H37       13.1460       -6.8140       -1.7290 
   1   H38       15.5130        0.1280        0.3060 
   1   H39       14.2100        2.6800       -0.6040 
   1   H40       15.7390        2.0570       -1.1750 
   1   H41       15.5690        2.5630        0.4890 
   1   H42       13.0800        0.5470       -1.4090 
   1   H43       13.6820       -0.9970       -0.8550 
   1   H44       14.6300       -0.0360       -1.9650 
   1   H45        8.3860       -2.9290       -2.5200 
   1   H46        6.2360       -1.4570       -1.0260 
   1   H47        6.1420       -1.9880       -2.6880 
   1   H48        7.3010       -0.7640       -2.2250 
   1   H49        6.5840       -3.8760       -0.3100 
   1   H50        7.8810       -4.7970       -1.0330 
   1   H51        6.4840       -4.3600       -1.9860 
   1   H52        8.3750        1.7510        0.8100 
   1   H53        9.7220        3.8390       -0.8790 
   1   H54        8.1390        3.9800       -0.1510 
   1   H55        8.4250        2.7890       -1.3970 
   1   H56       10.7220        3.5160        1.4440 
   1   H57       10.0890        2.2510        2.4710 
   1   H58        9.1200        3.6640        2.1270 

