Run semi-empirical minimization
 &qmmm
    qm_theory='AM1', grms_tol=0.0005,
 scfconv=1.d-10, ndiis_attempts=700,   qmcharge=0,
 /
   6     C        4.1810      -11.4640        9.4950 
   6    C1        4.9420      -12.3160        8.7160 
   6    C2        5.1230      -12.0470        7.3740 
   6    C3        4.5420      -10.9280        6.8090 
   6    C4        3.7860      -10.0730        7.5880 
   6    C5        3.6010      -10.3450        8.9300 
   6    C6        3.9820      -11.7570       10.9600 
   6    C7        2.4910      -11.7020       11.2940 
   6    C8        4.7200      -10.7330       11.7820 
   8     O        4.1360      -10.1130       12.6390 
   8    O1        6.0250      -10.5090       11.5620 
   1     H        6.4130       -9.6520       11.7880 
   6    C9        4.7400      -10.6350        5.3430 
   6   C10        4.0670      -11.7260        4.5100 
   6   C11        2.6720      -11.2600        4.0890 
   6   C12        4.9070      -12.0080        3.2640 
   1    H1        5.3750      -13.1530        9.1380 
   1    H2        5.6920      -12.6820        6.7930 
   1    H3        3.3600       -9.2320        7.1680 
   1    H4        3.0290       -9.7120        9.5110 
   1    H5        4.3610      -12.7330       11.1830 
   1    H6        2.1110      -10.7270       11.0720 
   1    H7        2.3510      -11.9110       12.3340 
   1    H8        1.9680      -12.4300       10.7100 
   1    H9        5.7870      -10.6120        5.1220 
   1   H10        4.3050       -9.6860        5.1070 
   1   H11        3.9840      -12.6190        5.0940 
   1   H12        2.7550      -10.3670        3.5050 
   1   H13        2.0840      -11.0630        4.9610 
   1   H14        2.2010      -12.0240        3.5070 
   1   H15        4.9900      -11.1150        2.6800 
   1   H16        4.4360      -12.7720        2.6820 
   1   H17        5.8830      -12.3340        3.5580 

