Run semi-empirical minimization
 &qmmm
    qm_theory='AM1', grms_tol=0.0005,
 scfconv=1.d-10, ndiis_attempts=700,   qmcharge=0,
 /
   8     O        6.8430       -1.3700      -24.8890 
   8    O1        8.5040        2.6150      -22.6970 
   8    O2       11.4430       -0.1450      -23.1280 
   8    O3        8.3050        0.7840      -25.2900 
   8    O4        7.0690       -1.3410      -22.5920 
   8    O5       10.3580       -1.7710      -24.8280 
   8    O6        8.6800        4.8800      -23.0680 
   8    O7       10.2550        4.5050      -20.4050 
   8    O8       12.2630        0.6190      -21.1110 
   7     N        6.7000        2.3170      -24.6160 
   7    N1        9.3270       -2.9290      -23.1010 
   7    N2       11.5300        3.2030      -21.8390 
   6     C        7.6430        3.4540      -24.7450 
   6    C1        8.1040       -3.1100      -23.9070 
   6    C2        6.1280       -0.1190      -24.8710 
   6    C3       11.6420        2.1730      -22.8930 
   6    C4       11.3390       -1.5090      -22.6670 
   6    C5        9.1050        2.6410      -21.3980 
   6    C6        7.1440        1.0270      -24.9410 
   6    C7        7.2830       -1.8470      -23.6850 
   6    C8       10.3230       -2.0980      -23.6360 
   6    C9        8.2970        3.7640      -23.3980 
   6   C10       10.3380        3.5460      -21.1800 
   6   C11       11.8370        0.8140      -22.2400 
   6   C12        5.3720        2.6280      -24.0780 
   6   C13        9.3770       -3.4930      -21.7500 
   6   C14       12.7490        3.9160      -21.4570 
   6   C15        5.2320       -0.1010      -26.1030 
   6   C16        6.0620        0.0850      -27.3710 
   6   C17        4.4060       -1.3840      -26.1880 
   6   C18        7.2580       -4.3360      -23.5920 
   6   C19        5.8100       -4.0880      -24.0210 
   6   C20        7.7940       -5.6070      -24.2750 
   6   C21        7.2610       -6.8970      -23.6650 
   6   C22        7.0100        4.7010      -25.3610 
   6   C23        6.5950        5.6730      -24.2530 
   6   C24        7.9530        5.4110      -26.3490 
   6   C25        8.8930        4.4640      -27.0800 
   6   C26       12.6780       -2.2110      -22.7990 
   6   C27       13.2710       -1.9800      -24.1870 
   6   C28       12.5300       -3.7060      -22.5210 
   6   C29        8.0010        2.9460      -20.3850 
   6   C30        6.6640        2.3730      -20.8550 
   6   C31        8.3650        2.3950      -19.0080 
   6   C32       12.7410        2.4200      -23.9250 
   6   C33       12.1800        2.3290      -25.3440 
   6   C34       13.8890        1.4290      -23.7400 
   1     H        8.4020        3.1470      -25.4340 
   1    H1        8.4040       -3.2760      -24.9210 
   1    H2        5.5430       -0.0070      -23.9820 
   1    H3       10.7270        2.2150      -23.4470 
   1    H4       11.0560       -1.6030      -21.6390 
   1    H5        9.5390        1.6720      -21.2670 
   1    H6        4.7870        1.7330      -24.0330 
   1    H7        4.8880        3.3400      -24.7130 
   1    H8        5.4730        3.0380      -23.0950 
   1    H9        8.5050       -4.0890      -21.5800 
   1   H10        9.4120       -2.6990      -21.0330 
   1   H11       10.2510       -4.1020      -21.6500 
   1   H12       13.5710        3.5530      -22.0370 
   1   H13       12.9460        3.7540      -20.4180 
   1   H14       12.6210        4.9630      -21.6360 
   1   H15        4.5610        0.7280      -26.0150 
   1   H16        6.7410       -0.7350      -27.4760 
   1   H17        6.6140        0.9990      -27.3050 
   1   H18        5.4120        0.1220      -28.2200 
   1   H19        5.0610       -2.2250      -26.2760 
   1   H20        3.7650       -1.3400      -27.0440 
   1   H21        3.8130       -1.4860      -25.3030 
   1   H22        7.3060       -4.4970      -22.5350 
   1   H23        5.7740       -3.9290      -25.0780 
   1   H24        5.4320       -3.2230      -23.5170 
   1   H25        5.2120       -4.9390      -23.7680 
   1   H26        8.8610       -5.6100      -24.1950 
   1   H27        7.4630       -5.5800      -25.2920 
   1   H28        7.5710       -6.9630      -22.6430 
   1   H29        7.6460       -7.7340      -24.2090 
   1   H30        6.1920       -6.9000      -23.7150 
   1   H31        6.1500        4.3830      -25.9130 
   1   H32        7.4620        5.9840      -23.7090 
   1   H33        5.9120        5.1860      -23.5880 
   1   H34        6.1210        6.5280      -24.6880 
   1   H35        8.5420        6.1190      -25.8050 
   1   H36        7.3380        5.8770      -27.0900 
   1   H37        9.5280        3.9750      -26.3720 
   1   H38        9.4910        5.0190      -27.7720 
   1   H39        8.3200        3.7320      -27.6100 
   1   H40       13.3480       -1.7980      -22.0740 
   1   H41       12.6150       -2.3870      -24.9270 
   1   H42       14.2240       -2.4610      -24.2520 
   1   H43       13.3890       -0.9300      -24.3540 
   1   H44       11.8630       -4.1380      -23.2380 
   1   H45       12.1360       -3.8480      -21.5360 
   1   H46       13.4870       -4.1790      -22.5950 
   1   H47        7.9040        4.0090      -20.3070 
   1   H48        6.7420        1.3090      -20.9390 
   1   H49        6.4130        2.7890      -21.8090 
   1   H50        5.9010        2.6200      -20.1460 
   1   H51        8.4670        1.3310      -19.0650 
   1   H52        7.5930        2.6420      -18.3090 
   1   H53        9.2900        2.8250      -18.6850 
   1   H54       13.1220        3.4090      -23.7750 
   1   H55       11.7940        1.3450      -25.5120 
   1   H56       12.9590        2.5320      -26.0490 
   1   H57       11.3950        3.0460      -25.4640 
   1   H58       13.5270        0.4330      -23.8860 
   1   H59       14.2850        1.5230      -22.7510 
   1   H60       14.6580        1.6370      -24.4540 

