Run semi-empirical minimization
 &qmmm
    qm_theory='AM1', grms_tol=0.0005,
 scfconv=1.d-10, ndiis_attempts=700,   qmcharge=0,
 /
   8     O        5.8830        6.5070      -24.2400 
   8    O1       10.9570        6.4700      -25.2540 
   8    O2        9.0230       10.6820      -24.3210 
   8    O3        8.1400        6.6780      -22.9770 
   8    O4        6.8790        9.2790      -22.4170 
   8    O5       12.7660        9.1480      -25.0000 
   8    O6        6.6490        7.5950      -26.1230 
   8    O7       12.3670        6.6560      -23.4430 
   8    O8        9.6800       12.8400      -24.7490 
   7     N        9.2130        4.9240      -24.0360 
   7    N1        6.1230        9.8860      -24.5250 
   7    N2       10.7390        9.5740      -26.0600 
   6     C       10.4520        5.1990      -23.2800 
   6    C1        5.1890        8.7410      -24.5490 
   6    C2       10.8450       11.0330      -25.8530 
   6    C3        6.7740        5.3930      -24.4640 
   6    C4       11.7550        7.2850      -26.1290 
   6    C5        7.9960       11.1400      -23.4210 
   6    C6        8.0950        5.7260      -23.7650 
   6    C7        6.9550       10.0230      -23.3990 
   6    C8       11.8060        8.7480      -25.6660 
   6    C9        5.9870        7.5680      -25.0940 
   6   C10       11.3640        6.2020      -23.9840 
   6   C11        9.7850       11.6320      -24.9310 
   6   C12        9.2470        3.8580      -25.0420 
   6   C13        6.1430       10.7770      -25.6890 
   6   C14        9.5970        9.0820      -26.8340 
   6   C15        6.1230        4.1730      -23.8300 
   6   C16        4.7540        4.5310      -23.2530 
   6   C17        5.9940        3.0390      -24.8460 
   6   C18        3.9160        8.9340      -25.3630 
   6   C19        4.0810        8.3520      -26.7650 
   6   C20        2.7230        8.2960      -24.6550 
   6   C21       11.2470        3.9440      -22.9210 
   6   C22       11.6320        3.9540      -21.4420 
   6   C23       12.4930        3.8240      -23.7960 
   6   C24        8.6160       11.3600      -22.0440 
   6   C25        9.9540       10.6300      -21.9320 
   6   C26        8.7940       12.8500      -21.7630 
   6   C27       13.1450        6.6880      -26.3510 
   6   C28       14.0000        7.6190      -27.2080 
   6   C29       13.0400        5.3080      -26.9990 
   6   C30       10.8810       11.7830      -27.1850 
   6   C31        9.6020       12.5950      -27.3750 
   6   C32       12.1080       12.6870      -27.2560 
   1     H       10.1070        5.6340      -22.3650 
   1    H1        4.8240        8.5940      -23.5540 
   1    H2       11.7760       11.1640      -25.3420 
   1    H3        6.9580        5.2040      -25.5010 
   1    H4       11.2720        7.2910      -27.0840 
   1    H5        7.5490       12.0650      -23.7190 
   1    H6        8.2860        3.7740      -25.5050 
   1    H7        9.4980        2.9310      -24.5710 
   1    H8        9.9810        4.0910      -25.7840 
   1    H9        5.4130       10.4510      -26.4000 
   1   H10        7.1140       10.7550      -26.1380 
   1   H11        5.9170       11.7750      -25.3780 
   1   H12        8.9150        9.8870      -27.0150 
   1   H13        9.1000        8.3100      -26.2850 
   1   H14        9.9420        8.6900      -27.7680 
   1   H15        6.7500        3.8390      -23.0300 
   1   H16        4.1120        4.8680      -24.0400 
   1   H17        4.8650        5.3080      -22.5260 
   1   H18        4.3260        3.6670      -22.7890 
   1   H19        5.3690        3.3540      -25.6550 
   1   H20        5.5600        2.1830      -24.3720 
   1   H21        6.9630        2.7850      -25.2220 
   1   H22        3.7320        9.9840      -25.4540 
   1   H23        4.2660        7.3010      -26.6950 
   1   H24        4.9050        8.8280      -27.2540 
   1   H25        3.1870        8.5200      -27.3280 
   1   H26        2.8890        7.2440      -24.5550 
   1   H27        1.8360        8.4640      -25.2290 
   1   H28        2.6080        8.7330      -23.6850 
   1   H29       10.6250        3.0930      -23.1030 
   1   H30       12.2560        4.8000      -21.2410 
   1   H31       12.1630        3.0560      -21.2060 
   1   H32       10.7470        4.0130      -20.8430 
   1   H33       13.1290        4.6680      -23.6280 
   1   H34       12.2040        3.7940      -24.8260 
   1   H35       13.0190        2.9260      -23.5470 
   1   H36        7.9500       10.9570      -21.3100 
   1   H37       10.6350       11.0200      -22.6590 
   1   H38        9.8060        9.5850      -22.1060 
   1   H39       10.3580       10.7740      -20.9520 
   1   H40        9.4580       13.2730      -22.4870 
   1   H41        9.2040       12.9820      -20.7830 
   1   H42        7.8450       13.3400      -21.8210 
   1   H43       13.6190        6.5780      -25.3980 
   1   H44       13.5420        7.7420      -28.1670 
   1   H45       14.9750        7.1960      -27.3300 
   1   H46       14.0820        8.5710      -26.7270 
   1   H47       12.5680        5.3980      -27.9550 
   1   H48       12.4590        4.6630      -26.3730 
   1   H49       14.0200        4.8970      -27.1230 
   1   H50       10.9450       11.0660      -27.9770 
   1   H51        9.5190       13.3190      -26.5910 
   1   H52        8.7560       11.9400      -27.3460 
   1   H53        9.6340       13.0950      -28.3200 
   1   H54       12.0620       13.4120      -26.4710 
   1   H55       12.1290       13.1860      -28.2020 
   1   H56       12.9930       12.0960      -27.1450 

