Run semi-empirical minimization
 &qmmm
    qm_theory='AM1', grms_tol=0.0005,
 scfconv=1.d-10, ndiis_attempts=700,   qmcharge=0,
 /
   8     O        9.2750       -1.5400       -0.6380 
   8    O1       12.2040       -5.3760       -0.2470 
   8    O2       12.4550       -3.0100        3.0360 
   8    O3        9.5260       -3.8670        0.5710 
   8    O4       11.5240       -1.3090       -1.0990 
   8    O5       10.3700       -1.5010        2.7260 
   8    O6       12.1010       -7.6750       -0.2800 
   8    O7       15.0750       -7.1400        0.4830 
   8    O8       14.6830       -3.6000        3.1190 
   7     N        9.8080       -5.1310       -1.3530 
   7    N1       11.5940       -0.0390        1.4030 
   7    N2       13.9920       -6.1640        2.2860 
   6     C       10.0720       -6.3660       -0.5780 
   6    C1       10.4410        0.1680        0.5060 
   6    C2        9.1810       -2.6980       -1.4900 
   6    C3       12.9380       -5.2890        2.8400 
   6    C4       12.7420       -1.5960        2.9880 
   6    C5       13.6210       -5.3030       -0.0610 
   6    C6        9.5230       -3.9430       -0.6630 
   6    C7       10.5090       -0.9660       -0.5080 
   6    C8       11.4620       -1.0280        2.3890 
   6    C9       11.5750       -6.5750       -0.3950 
   6   C10       14.2830       -6.2980        0.9190 
   6   C11       13.5000       -3.8880        3.0180 
   6   C12        9.9390       -5.2340       -2.8110 
   6   C13       12.8420        0.6790        1.1330 
   6   C14       14.7880       -6.9470        3.2320 
   6   C15        7.7410       -2.7750       -1.9800 
   6   C16        6.9510       -3.8060       -1.1770 
   6   C17        7.0700       -1.4050       -1.8980 
   6   C18       10.3750        1.5040       -0.2200 
   6   C19        9.4130        1.4010       -1.4060 
   6   C20        9.9400        2.6530        0.7070 
   6   C21        8.7710        3.4640        0.1640 
   6   C22        9.4020       -7.6070       -1.1670 
   6   C23        7.8920       -7.3800       -1.2740 
   6   C24        9.9700       -7.9820       -2.5470 
   6   C25       10.5760       -9.3780       -2.5970 
   6   C26       12.9650       -1.0570        4.3900 
   6   C27       11.8270       -0.1230        4.7930 
   6   C28       14.3090       -0.3370        4.4810 
   6   C29       14.2710       -5.3650       -1.4440 
   6   C30       13.2350       -5.7110       -2.5130 
   6   C31       14.9610       -4.0440       -1.7760 
   6   C32       12.3160       -5.7740        4.1490 
   6   C33       10.7930       -5.8300        4.0350 
   6   C34       12.7320       -4.8740        5.3110 
   1     H        9.6250       -6.2260        0.3840 
   1    H1        9.5580        0.1760        1.1100 
   1    H2        9.8550       -2.6380       -2.3190 
   1    H3       12.1370       -5.3030        2.1310 
   1    H4       13.6220       -1.3480        2.4320 
   1    H5       13.7940       -4.3750        0.4440 
   1    H6        9.7250       -4.2850       -3.2560 
   1    H7        9.2500       -5.9640       -3.1800 
   1    H8       10.9370       -5.5280       -3.0590 
   1    H9       12.6860        1.3790        0.3390 
   1   H10       13.6010       -0.0200        0.8490 
   1   H11       13.1500        1.2020        2.0140 
   1   H12       15.5070       -7.5300        2.6960 
   1   H13       14.1450       -7.5970        3.7870 
   1   H14       15.2940       -6.2860        3.9050 
   1   H15        7.7540       -3.0840       -3.0040 
   1   H16        6.9270       -3.5140       -0.1480 
   1   H17        7.4210       -4.7630       -1.2650 
   1   H18        5.9520       -3.8630       -1.5550 
   1   H19        7.0480       -1.0790       -0.8790 
   1   H20        6.0700       -1.4750       -2.2720 
   1   H21        7.6220       -0.7020       -2.4860 
   1   H22       11.3620        1.7300       -0.5660 
   1   H23        8.4300        1.1750       -1.0490 
   1   H24        9.7410        0.6240       -2.0650 
   1   H25        9.3960        2.3320       -1.9330 
   1   H26       10.7730        3.3100        0.8450 
   1   H27        9.6150        2.2100        1.6250 
   1   H28        9.0550        3.9260       -0.7580 
   1   H29        8.5010        4.2190        0.8730 
   1   H30        7.9350        2.8170       -0.0040 
   1   H31        9.6060       -8.4230       -0.5050 
   1   H32        7.7000       -6.5630       -1.9380 
   1   H33        7.4960       -7.1540       -0.3060 
   1   H34        7.4240       -8.2650       -1.6530 
   1   H35       10.7300       -7.2740       -2.8040 
   1   H36        9.1520       -7.9700       -3.2370 
   1   H37       11.4010       -9.4330       -1.9180 
   1   H38       10.9170       -9.5830       -3.5900 
   1   H39        9.8360      -10.0980       -2.3180 
   1   H40       12.9790       -1.8830        5.0700 
   1   H41       11.7960        0.7110        4.1230 
   1   H42       11.9890        0.2270        5.7910 
   1   H43       10.8980       -0.6520        4.7470 
   1   H44       14.3150        0.4940        3.8070 
   1   H45       15.0950       -1.0140        4.2190 
   1   H46       14.4590        0.0140        5.4810 
   1   H47       15.0110       -6.1380       -1.4300 
   1   H48       12.4850       -4.9490       -2.5430 
   1   H49       12.7800       -6.6500       -2.2780 
   1   H50       13.7150       -5.7760       -3.4670 
   1   H51       14.2360       -3.2580       -1.7950 
   1   H52       15.4320       -4.1180       -2.7340 
   1   H53       15.6990       -3.8300       -1.0320 
   1   H54       12.6770       -6.7630        4.3430 
   1   H55       10.4140       -4.8480        3.8410 
   1   H56       10.3800       -6.1970        4.9510 
   1   H57       10.5190       -6.4830        3.2330 
   1   H58       12.3800       -3.8790        5.1350 
   1   H59       13.7990       -4.8660        5.3910 
   1   H60       12.3090       -5.2470        6.2200 

