Run semi-empirical minimization
 &qmmm
    qm_theory='AM1', grms_tol=0.0005,
 scfconv=1.d-10, ndiis_attempts=700,   qmcharge=0,
 /
   6     C        3.5940      -11.1780        9.8670 
   6    C1        5.5710      -11.1510        7.9480 
   6    C2        4.4010      -10.4180        7.7010 
   6    C3        3.3980      -10.4100        8.6290 
   6    C4        2.6100      -11.2160       10.8560 
   6    C5        2.8260      -11.9460       12.0040 
   6    C6        4.0130      -12.6420       12.1790 
   6    C7        4.9930      -12.6130       11.2090 
   6    C8        4.7950      -11.8830       10.0440 
   8     O        5.7430      -11.8460        9.0840 
   8    O1        6.4590      -11.1490        7.1140 
   8    O2        2.2560       -9.7150        8.4150 
   1     H        2.2390       -9.0000        9.0640 
   6    C9        4.2490       -9.6460        6.4160 
   6   C10        3.2930       -8.4720        6.6360 
   6   C11        4.0400       -7.1750        6.4580 
   6   C12        4.0860       -6.1720        7.5820 
   8    O3        4.6010       -6.9400        5.4160 
   6   C13        3.6950      -10.5520        5.3490 
   6   C14        2.3300      -10.6140        5.1340 
   6   C15        1.8210      -11.4450        4.1540 
   6   C16        2.6750      -12.2140        3.3880 
   6   C17        4.0390      -12.1520        3.6020 
   6   C18        4.5490      -11.3170        4.5780 
   1    H1        1.7250      -10.7000       10.7280 
   1    H2        2.1010      -11.9750       12.7380 
   1    H3        4.1640      -13.1860       13.0430 
   1    H4        5.8730      -13.1330       11.3490 
   1    H5        5.2040       -9.2750        6.1080 
   1    H6        2.8920       -8.5190        7.6270 
   1    H7        2.4950       -8.5240        5.9250 
   1    H8        3.5370       -6.5490        8.4200 
   1    H9        3.6500       -5.2510        7.2560 
   1   H10        5.1030       -6.0040        7.8680 
   1   H11        1.6910      -10.0390        5.7060 
   1   H12        0.8020      -11.4910        3.9950 
   1   H13        2.2950      -12.8350        2.6560 
   1   H14        4.6770      -12.7300        3.0330 
   1   H15        5.5680      -11.2650        4.7310 

