Run semi-empirical minimization
 &qmmm
    qm_theory='AM1', grms_tol=0.0005,
 scfconv=1.d-10, ndiis_attempts=700,   qmcharge=0,
 /
   6     C       32.7680       32.6390       36.5910 
   6    C1       33.8800       32.6470       35.7690 
   6    C2       35.1450       32.5790       36.3200 
   6    C3       35.2990       32.5030       37.6910 
   6    C4       34.1880       32.4900       38.5110 
   6    C5       32.9220       32.5630       37.9610 
   6    C6       31.3880       32.7150       35.9910 
   6    C7       30.3490       32.8090       37.1100 
   6    C8       31.1290       31.4800       35.1680 
   8     O       30.5870       31.5740       34.0920 
   8    O1       31.4990       30.2750       35.6300 
   1     H       32.1270       29.7370       35.1280 
   6    C9       36.6800       32.4290       38.2910 
   6   C10       37.7250       32.5780       37.1850 
   6   C11       38.0580       34.0600       36.9950 
   6   C12       38.9930       31.8170       37.5740 

