Run semi-empirical minimization
 &qmmm
    qm_theory='AM1', grms_tol=0.0005,
 scfconv=1.d-10, ndiis_attempts=700,   qmcharge=0,
 /
   8     O        4.4140       -7.7150        7.7050 
   6     C        3.5380       -8.7680        7.2970 
   8    O1        2.7030       -9.1660        8.4000 
   6    C1        3.3140      -10.2950        9.0550 
   6    C2        4.6440      -10.5510        8.3550 
   6    C3        4.3560      -10.0130        6.9690 
   6    C4        3.4720       -9.9970       10.5350 
   8    O2        2.3530      -10.5220       11.2300 
   1     H        2.0640       -9.8500       11.8720 
   8    O3        4.9470      -11.9330        8.3320 
   1    H1        5.2160      -12.1880        9.2300 
   8    O4        5.5320       -9.7320        6.2380 
   1    H2        5.7720       -8.8060        6.4150 
   6    C5        2.6800       -8.2980        6.1330 
   8    O5        2.3820       -9.4120        5.3080 
   1    H3        1.8010       -9.0970        4.5950 
   6    C6        4.1100       -6.4960        7.0310 
   8    O6        3.9710       -5.4310        7.9680 
   6    C7        3.6440       -4.1590        7.3930 
   6    C8        4.6700       -3.7380        6.3260 
   6    C9        5.0170       -4.8570        5.3350 
   6   C10        5.2380       -6.1970        6.0420 
   6   C11        2.1990       -4.1300        6.9010 
   8    O7        2.0690       -3.0930        5.9470 
   1    H4        2.3280       -2.2610        6.3780 
   8    O8        5.8800       -3.3590        6.9900 
   1    H5        5.6390       -3.0220        7.8690 
   8    O9        3.9630       -5.0150        4.3890 
   1    H6        4.2610       -5.6570        3.7230 
   8   O10        6.4880       -6.1690        6.7340 
   1    H7        6.6420       -5.2520        7.0160 
   1    H8        2.7130      -11.1780        8.9880 
   1    H9        5.4910      -10.0980        8.8270 
   1   H10        3.8480      -10.7030        6.3280 
   1   H11        3.5240       -8.9390       10.6850 
   1   H12        4.3710      -10.4470       10.9020 
   1   H13        3.2130       -7.5630        5.5670 
   1   H14        1.7740       -7.8640        6.5010 
   1   H15        3.1830       -6.5910        6.5050 
   1   H16        3.7090       -3.4160        8.1610 
   1   H17        4.2300       -2.9360        5.7700 
   1   H18        5.9250       -4.5730        4.8450 
   1   H19        5.2460       -6.9700        5.3020 
   1   H20        1.5410       -3.9470        7.7250 
   1   H21        1.9440       -5.0700        6.4570 

