Run semi-empirical minimization
 &qmmm
    qm_theory='AM1', grms_tol=0.0005,
 scfconv=1.d-10, ndiis_attempts=700,   qmcharge=0,
 /
   6     C        7.2540        3.4480      -14.0160 
   6    C1        8.1530        2.4800      -14.4220 
   6    C2        9.4640        2.5310      -13.9910 
   6    C3        9.8770        3.5500      -13.1540 
   6    C4        8.9770        4.5140      -12.7440 
   6    C5        7.6670        4.4660      -13.1790 
   6    C6        5.8240        3.3940      -14.4870 
   6    C7        5.1360        2.1630      -13.8930 
   6    C8        5.7930        3.3100      -15.9910 
   8     O        5.3480        2.3250      -16.5320 
   8    O1        6.2610        4.3280      -16.7300 
   1     H        7.2050        4.5400      -16.7190 
   6    C9       11.3080        3.6050      -12.6840 
   6   C10       11.7540        2.2110      -12.2420 
   6   C11       12.9630        1.7740      -13.0720 
   6   C12       12.1370        2.2430      -10.7620 
   1    H1        7.8450        1.7190      -15.0470 
   1    H2       10.1350        1.8080      -14.2940 
   1    H3        9.2830        5.2700      -12.1120 
   1    H4        6.9970        5.1910      -12.8790 
   1    H5        5.3110        4.2770      -14.1680 
   1    H6        5.6490        1.2790      -14.2110 
   1    H7        4.1200        2.1260      -14.2270 
   1    H8        5.1580        2.2230      -12.8250 
   1    H9       11.3870        4.2830      -11.8600 
   1   H10       11.9330        3.9420      -13.4840 
   1   H11       10.9520        1.5180      -12.3880 
   1   H12       13.7650        2.4670      -12.9260 
   1   H13       12.6950        1.7510      -14.1080 
   1   H14       13.2740        0.7980      -12.7630 
   1   H15       12.9390        2.9360      -10.6160 
   1   H16       12.4480        1.2670      -10.4530 
   1   H17       11.2920        2.5480      -10.1810 

